{
 "cells": [
  {
   "cell_type": "markdown",
   "id": "334e7f73-9f26-46e7-b0d3-a5e54e02d18f",
   "metadata": {},
   "source": [
    "# 7- ElasticNet (ENET) Regression"
   ]
  },
  {
   "cell_type": "markdown",
   "id": "f93d497e-ca8a-4d50-833b-af74e496c419",
   "metadata": {},
   "source": [
    "## TEORİ"
   ]
  },
  {
   "cell_type": "markdown",
   "id": "377cd2ba-ea95-4a8a-ba4f-e2c5c8ff7d33",
   "metadata": {},
   "source": [
    "**Temel amaç, ridge ve lasso regresyon ile aynıdır ama elastic net, ridge ve lasso regresyonunu birleştirir. Ridge regresyon tarzı cezalandırma ve lasso regresyon tarzında değişken seçimi yapar.**"
   ]
  },
  {
   "cell_type": "markdown",
   "id": "4f5010b2-1e8d-4de5-9511-34f7fcf3ee8b",
   "metadata": {
    "tags": []
   },
   "source": [
    "## UYGULAMA"
   ]
  },
  {
   "cell_type": "markdown",
   "id": "d25f8853-f2ac-4e82-b340-fb83d79459c2",
   "metadata": {
    "jp-MarkdownHeadingCollapsed": true,
    "tags": []
   },
   "source": [
    "### Verisetinin İncelenmesi ve Manipüle Edilmesi"
   ]
  },
  {
   "cell_type": "markdown",
   "id": "049027ad-d540-484e-857f-af374137e705",
   "metadata": {},
   "source": [
    "* Kullanılan Kütüphanler"
   ]
  },
  {
   "cell_type": "code",
   "execution_count": 1,
   "id": "4164eb70-549f-4530-b911-99d4767cbd39",
   "metadata": {},
   "outputs": [],
   "source": [
    "import pandas as pd\n",
    "import numpy as np\n",
    "from sklearn.linear_model import ElasticNet\n",
    "from sklearn.linear_model import ElasticNetCV\n",
    "from sklearn.model_selection import train_test_split\n",
    "from sklearn.metrics import mean_squared_error, r2_score\n",
    "\n",
    "import warnings\n",
    "warnings.filterwarnings(\"ignore\", category = UserWarning)"
   ]
  },
  {
   "cell_type": "markdown",
   "id": "ccaa6cfc-b662-44dd-904f-c83f040756ec",
   "metadata": {},
   "source": [
    "* Verisetinin İncelenmesi"
   ]
  },
  {
   "cell_type": "markdown",
   "id": "8a4a86a9-85f9-449a-8719-e9a3d1b7429a",
   "metadata": {},
   "source": [
    "Verisetini [buradan](https://mrkizmaz-s3data.s3.eu-west-1.amazonaws.com/DataSets/Hitters.csv) indirebilirsiniz."
   ]
  },
  {
   "cell_type": "code",
   "execution_count": 3,
   "id": "1fa98076-7d91-4a61-8beb-0ebc4b130ae0",
   "metadata": {},
   "outputs": [
    {
     "data": {
      "text/html": [
       "<div>\n",
       "<style scoped>\n",
       "    .dataframe tbody tr th:only-of-type {\n",
       "        vertical-align: middle;\n",
       "    }\n",
       "\n",
       "    .dataframe tbody tr th {\n",
       "        vertical-align: top;\n",
       "    }\n",
       "\n",
       "    .dataframe thead th {\n",
       "        text-align: right;\n",
       "    }\n",
       "</style>\n",
       "<table border=\"1\" class=\"dataframe\">\n",
       "  <thead>\n",
       "    <tr style=\"text-align: right;\">\n",
       "      <th></th>\n",
       "      <th>AtBat</th>\n",
       "      <th>Hits</th>\n",
       "      <th>HmRun</th>\n",
       "      <th>Runs</th>\n",
       "      <th>RBI</th>\n",
       "      <th>Walks</th>\n",
       "      <th>Years</th>\n",
       "      <th>CAtBat</th>\n",
       "      <th>CHits</th>\n",
       "      <th>CHmRun</th>\n",
       "      <th>CRuns</th>\n",
       "      <th>CRBI</th>\n",
       "      <th>CWalks</th>\n",
       "      <th>League</th>\n",
       "      <th>Division</th>\n",
       "      <th>PutOuts</th>\n",
       "      <th>Assists</th>\n",
       "      <th>Errors</th>\n",
       "      <th>Salary</th>\n",
       "      <th>NewLeague</th>\n",
       "    </tr>\n",
       "  </thead>\n",
       "  <tbody>\n",
       "    <tr>\n",
       "      <th>0</th>\n",
       "      <td>293</td>\n",
       "      <td>66</td>\n",
       "      <td>1</td>\n",
       "      <td>30</td>\n",
       "      <td>29</td>\n",
       "      <td>14</td>\n",
       "      <td>1</td>\n",
       "      <td>293</td>\n",
       "      <td>66</td>\n",
       "      <td>1</td>\n",
       "      <td>30</td>\n",
       "      <td>29</td>\n",
       "      <td>14</td>\n",
       "      <td>A</td>\n",
       "      <td>E</td>\n",
       "      <td>446</td>\n",
       "      <td>33</td>\n",
       "      <td>20</td>\n",
       "      <td>NaN</td>\n",
       "      <td>A</td>\n",
       "    </tr>\n",
       "    <tr>\n",
       "      <th>1</th>\n",
       "      <td>315</td>\n",
       "      <td>81</td>\n",
       "      <td>7</td>\n",
       "      <td>24</td>\n",
       "      <td>38</td>\n",
       "      <td>39</td>\n",
       "      <td>14</td>\n",
       "      <td>3449</td>\n",
       "      <td>835</td>\n",
       "      <td>69</td>\n",
       "      <td>321</td>\n",
       "      <td>414</td>\n",
       "      <td>375</td>\n",
       "      <td>N</td>\n",
       "      <td>W</td>\n",
       "      <td>632</td>\n",
       "      <td>43</td>\n",
       "      <td>10</td>\n",
       "      <td>475.0</td>\n",
       "      <td>N</td>\n",
       "    </tr>\n",
       "    <tr>\n",
       "      <th>2</th>\n",
       "      <td>479</td>\n",
       "      <td>130</td>\n",
       "      <td>18</td>\n",
       "      <td>66</td>\n",
       "      <td>72</td>\n",
       "      <td>76</td>\n",
       "      <td>3</td>\n",
       "      <td>1624</td>\n",
       "      <td>457</td>\n",
       "      <td>63</td>\n",
       "      <td>224</td>\n",
       "      <td>266</td>\n",
       "      <td>263</td>\n",
       "      <td>A</td>\n",
       "      <td>W</td>\n",
       "      <td>880</td>\n",
       "      <td>82</td>\n",
       "      <td>14</td>\n",
       "      <td>480.0</td>\n",
       "      <td>A</td>\n",
       "    </tr>\n",
       "    <tr>\n",
       "      <th>3</th>\n",
       "      <td>496</td>\n",
       "      <td>141</td>\n",
       "      <td>20</td>\n",
       "      <td>65</td>\n",
       "      <td>78</td>\n",
       "      <td>37</td>\n",
       "      <td>11</td>\n",
       "      <td>5628</td>\n",
       "      <td>1575</td>\n",
       "      <td>225</td>\n",
       "      <td>828</td>\n",
       "      <td>838</td>\n",
       "      <td>354</td>\n",
       "      <td>N</td>\n",
       "      <td>E</td>\n",
       "      <td>200</td>\n",
       "      <td>11</td>\n",
       "      <td>3</td>\n",
       "      <td>500.0</td>\n",
       "      <td>N</td>\n",
       "    </tr>\n",
       "    <tr>\n",
       "      <th>4</th>\n",
       "      <td>321</td>\n",
       "      <td>87</td>\n",
       "      <td>10</td>\n",
       "      <td>39</td>\n",
       "      <td>42</td>\n",
       "      <td>30</td>\n",
       "      <td>2</td>\n",
       "      <td>396</td>\n",
       "      <td>101</td>\n",
       "      <td>12</td>\n",
       "      <td>48</td>\n",
       "      <td>46</td>\n",
       "      <td>33</td>\n",
       "      <td>N</td>\n",
       "      <td>E</td>\n",
       "      <td>805</td>\n",
       "      <td>40</td>\n",
       "      <td>4</td>\n",
       "      <td>91.5</td>\n",
       "      <td>N</td>\n",
       "    </tr>\n",
       "  </tbody>\n",
       "</table>\n",
       "</div>"
      ],
      "text/plain": [
       "   AtBat  Hits  HmRun  Runs  RBI  Walks  Years  CAtBat  CHits  CHmRun  CRuns  \\\n",
       "0    293    66      1    30   29     14      1     293     66       1     30   \n",
       "1    315    81      7    24   38     39     14    3449    835      69    321   \n",
       "2    479   130     18    66   72     76      3    1624    457      63    224   \n",
       "3    496   141     20    65   78     37     11    5628   1575     225    828   \n",
       "4    321    87     10    39   42     30      2     396    101      12     48   \n",
       "\n",
       "   CRBI  CWalks League Division  PutOuts  Assists  Errors  Salary NewLeague  \n",
       "0    29      14      A        E      446       33      20     NaN         A  \n",
       "1   414     375      N        W      632       43      10   475.0         N  \n",
       "2   266     263      A        W      880       82      14   480.0         A  \n",
       "3   838     354      N        E      200       11       3   500.0         N  \n",
       "4    46      33      N        E      805       40       4    91.5         N  "
      ]
     },
     "execution_count": 3,
     "metadata": {},
     "output_type": "execute_result"
    }
   ],
   "source": [
    "hit = pd.read_csv(\"https://mrkizmaz-s3data.s3.eu-west-1.amazonaws.com/DataSets/Hitters.csv\")\n",
    "df = hit.copy()\n",
    "df.head()"
   ]
  },
  {
   "cell_type": "code",
   "execution_count": 4,
   "id": "93b1ae8e-45b5-4c20-a9f7-d0e99f9c5407",
   "metadata": {},
   "outputs": [
    {
     "data": {
      "text/plain": [
       "True"
      ]
     },
     "execution_count": 4,
     "metadata": {},
     "output_type": "execute_result"
    }
   ],
   "source": [
    "df.isnull().values.any() # verisetinde bos degerler var mı?"
   ]
  },
  {
   "cell_type": "code",
   "execution_count": 5,
   "id": "43f25aa5-8d03-4ea8-a4bf-2b46412aa466",
   "metadata": {},
   "outputs": [
    {
     "data": {
      "text/plain": [
       "False"
      ]
     },
     "execution_count": 5,
     "metadata": {},
     "output_type": "execute_result"
    }
   ],
   "source": [
    "df = df.dropna(axis = 0) # bos degerler olan satırları siler\n",
    "df.isnull().values.any()"
   ]
  },
  {
   "cell_type": "code",
   "execution_count": 6,
   "id": "553cc6db-e7cc-46bb-a9be-e213b7867cf0",
   "metadata": {},
   "outputs": [
    {
     "name": "stdout",
     "output_type": "stream",
     "text": [
      "<class 'pandas.core.frame.DataFrame'>\n",
      "Int64Index: 263 entries, 1 to 321\n",
      "Data columns (total 20 columns):\n",
      " #   Column     Non-Null Count  Dtype  \n",
      "---  ------     --------------  -----  \n",
      " 0   AtBat      263 non-null    int64  \n",
      " 1   Hits       263 non-null    int64  \n",
      " 2   HmRun      263 non-null    int64  \n",
      " 3   Runs       263 non-null    int64  \n",
      " 4   RBI        263 non-null    int64  \n",
      " 5   Walks      263 non-null    int64  \n",
      " 6   Years      263 non-null    int64  \n",
      " 7   CAtBat     263 non-null    int64  \n",
      " 8   CHits      263 non-null    int64  \n",
      " 9   CHmRun     263 non-null    int64  \n",
      " 10  CRuns      263 non-null    int64  \n",
      " 11  CRBI       263 non-null    int64  \n",
      " 12  CWalks     263 non-null    int64  \n",
      " 13  League     263 non-null    object \n",
      " 14  Division   263 non-null    object \n",
      " 15  PutOuts    263 non-null    int64  \n",
      " 16  Assists    263 non-null    int64  \n",
      " 17  Errors     263 non-null    int64  \n",
      " 18  Salary     263 non-null    float64\n",
      " 19  NewLeague  263 non-null    object \n",
      "dtypes: float64(1), int64(16), object(3)\n",
      "memory usage: 43.1+ KB\n"
     ]
    }
   ],
   "source": [
    "df.info() # veriseti hakkında genel bilgi verir"
   ]
  },
  {
   "cell_type": "code",
   "execution_count": 7,
   "id": "f136c636-59ce-4569-997c-e62dce84042b",
   "metadata": {},
   "outputs": [
    {
     "data": {
      "text/html": [
       "<div>\n",
       "<style scoped>\n",
       "    .dataframe tbody tr th:only-of-type {\n",
       "        vertical-align: middle;\n",
       "    }\n",
       "\n",
       "    .dataframe tbody tr th {\n",
       "        vertical-align: top;\n",
       "    }\n",
       "\n",
       "    .dataframe thead th {\n",
       "        text-align: right;\n",
       "    }\n",
       "</style>\n",
       "<table border=\"1\" class=\"dataframe\">\n",
       "  <thead>\n",
       "    <tr style=\"text-align: right;\">\n",
       "      <th></th>\n",
       "      <th>count</th>\n",
       "      <th>mean</th>\n",
       "      <th>std</th>\n",
       "      <th>min</th>\n",
       "      <th>25%</th>\n",
       "      <th>50%</th>\n",
       "      <th>75%</th>\n",
       "      <th>max</th>\n",
       "    </tr>\n",
       "  </thead>\n",
       "  <tbody>\n",
       "    <tr>\n",
       "      <th>AtBat</th>\n",
       "      <td>263.0</td>\n",
       "      <td>403.642586</td>\n",
       "      <td>147.307209</td>\n",
       "      <td>19.0</td>\n",
       "      <td>282.5</td>\n",
       "      <td>413.0</td>\n",
       "      <td>526.0</td>\n",
       "      <td>687.0</td>\n",
       "    </tr>\n",
       "    <tr>\n",
       "      <th>Hits</th>\n",
       "      <td>263.0</td>\n",
       "      <td>107.828897</td>\n",
       "      <td>45.125326</td>\n",
       "      <td>1.0</td>\n",
       "      <td>71.5</td>\n",
       "      <td>103.0</td>\n",
       "      <td>141.5</td>\n",
       "      <td>238.0</td>\n",
       "    </tr>\n",
       "    <tr>\n",
       "      <th>HmRun</th>\n",
       "      <td>263.0</td>\n",
       "      <td>11.619772</td>\n",
       "      <td>8.757108</td>\n",
       "      <td>0.0</td>\n",
       "      <td>5.0</td>\n",
       "      <td>9.0</td>\n",
       "      <td>18.0</td>\n",
       "      <td>40.0</td>\n",
       "    </tr>\n",
       "    <tr>\n",
       "      <th>Runs</th>\n",
       "      <td>263.0</td>\n",
       "      <td>54.745247</td>\n",
       "      <td>25.539816</td>\n",
       "      <td>0.0</td>\n",
       "      <td>33.5</td>\n",
       "      <td>52.0</td>\n",
       "      <td>73.0</td>\n",
       "      <td>130.0</td>\n",
       "    </tr>\n",
       "    <tr>\n",
       "      <th>RBI</th>\n",
       "      <td>263.0</td>\n",
       "      <td>51.486692</td>\n",
       "      <td>25.882714</td>\n",
       "      <td>0.0</td>\n",
       "      <td>30.0</td>\n",
       "      <td>47.0</td>\n",
       "      <td>71.0</td>\n",
       "      <td>121.0</td>\n",
       "    </tr>\n",
       "    <tr>\n",
       "      <th>Walks</th>\n",
       "      <td>263.0</td>\n",
       "      <td>41.114068</td>\n",
       "      <td>21.718056</td>\n",
       "      <td>0.0</td>\n",
       "      <td>23.0</td>\n",
       "      <td>37.0</td>\n",
       "      <td>57.0</td>\n",
       "      <td>105.0</td>\n",
       "    </tr>\n",
       "    <tr>\n",
       "      <th>Years</th>\n",
       "      <td>263.0</td>\n",
       "      <td>7.311787</td>\n",
       "      <td>4.793616</td>\n",
       "      <td>1.0</td>\n",
       "      <td>4.0</td>\n",
       "      <td>6.0</td>\n",
       "      <td>10.0</td>\n",
       "      <td>24.0</td>\n",
       "    </tr>\n",
       "    <tr>\n",
       "      <th>CAtBat</th>\n",
       "      <td>263.0</td>\n",
       "      <td>2657.543726</td>\n",
       "      <td>2286.582929</td>\n",
       "      <td>19.0</td>\n",
       "      <td>842.5</td>\n",
       "      <td>1931.0</td>\n",
       "      <td>3890.5</td>\n",
       "      <td>14053.0</td>\n",
       "    </tr>\n",
       "    <tr>\n",
       "      <th>CHits</th>\n",
       "      <td>263.0</td>\n",
       "      <td>722.186312</td>\n",
       "      <td>648.199644</td>\n",
       "      <td>4.0</td>\n",
       "      <td>212.0</td>\n",
       "      <td>516.0</td>\n",
       "      <td>1054.0</td>\n",
       "      <td>4256.0</td>\n",
       "    </tr>\n",
       "    <tr>\n",
       "      <th>CHmRun</th>\n",
       "      <td>263.0</td>\n",
       "      <td>69.239544</td>\n",
       "      <td>82.197581</td>\n",
       "      <td>0.0</td>\n",
       "      <td>15.0</td>\n",
       "      <td>40.0</td>\n",
       "      <td>92.5</td>\n",
       "      <td>548.0</td>\n",
       "    </tr>\n",
       "    <tr>\n",
       "      <th>CRuns</th>\n",
       "      <td>263.0</td>\n",
       "      <td>361.220532</td>\n",
       "      <td>331.198571</td>\n",
       "      <td>2.0</td>\n",
       "      <td>105.5</td>\n",
       "      <td>250.0</td>\n",
       "      <td>497.5</td>\n",
       "      <td>2165.0</td>\n",
       "    </tr>\n",
       "    <tr>\n",
       "      <th>CRBI</th>\n",
       "      <td>263.0</td>\n",
       "      <td>330.418251</td>\n",
       "      <td>323.367668</td>\n",
       "      <td>3.0</td>\n",
       "      <td>95.0</td>\n",
       "      <td>230.0</td>\n",
       "      <td>424.5</td>\n",
       "      <td>1659.0</td>\n",
       "    </tr>\n",
       "    <tr>\n",
       "      <th>CWalks</th>\n",
       "      <td>263.0</td>\n",
       "      <td>260.266160</td>\n",
       "      <td>264.055868</td>\n",
       "      <td>1.0</td>\n",
       "      <td>71.0</td>\n",
       "      <td>174.0</td>\n",
       "      <td>328.5</td>\n",
       "      <td>1566.0</td>\n",
       "    </tr>\n",
       "    <tr>\n",
       "      <th>PutOuts</th>\n",
       "      <td>263.0</td>\n",
       "      <td>290.711027</td>\n",
       "      <td>279.934575</td>\n",
       "      <td>0.0</td>\n",
       "      <td>113.5</td>\n",
       "      <td>224.0</td>\n",
       "      <td>322.5</td>\n",
       "      <td>1377.0</td>\n",
       "    </tr>\n",
       "    <tr>\n",
       "      <th>Assists</th>\n",
       "      <td>263.0</td>\n",
       "      <td>118.760456</td>\n",
       "      <td>145.080577</td>\n",
       "      <td>0.0</td>\n",
       "      <td>8.0</td>\n",
       "      <td>45.0</td>\n",
       "      <td>192.0</td>\n",
       "      <td>492.0</td>\n",
       "    </tr>\n",
       "    <tr>\n",
       "      <th>Errors</th>\n",
       "      <td>263.0</td>\n",
       "      <td>8.593156</td>\n",
       "      <td>6.606574</td>\n",
       "      <td>0.0</td>\n",
       "      <td>3.0</td>\n",
       "      <td>7.0</td>\n",
       "      <td>13.0</td>\n",
       "      <td>32.0</td>\n",
       "    </tr>\n",
       "    <tr>\n",
       "      <th>Salary</th>\n",
       "      <td>263.0</td>\n",
       "      <td>535.925882</td>\n",
       "      <td>451.118681</td>\n",
       "      <td>67.5</td>\n",
       "      <td>190.0</td>\n",
       "      <td>425.0</td>\n",
       "      <td>750.0</td>\n",
       "      <td>2460.0</td>\n",
       "    </tr>\n",
       "  </tbody>\n",
       "</table>\n",
       "</div>"
      ],
      "text/plain": [
       "         count         mean          std   min    25%     50%     75%      max\n",
       "AtBat    263.0   403.642586   147.307209  19.0  282.5   413.0   526.0    687.0\n",
       "Hits     263.0   107.828897    45.125326   1.0   71.5   103.0   141.5    238.0\n",
       "HmRun    263.0    11.619772     8.757108   0.0    5.0     9.0    18.0     40.0\n",
       "Runs     263.0    54.745247    25.539816   0.0   33.5    52.0    73.0    130.0\n",
       "RBI      263.0    51.486692    25.882714   0.0   30.0    47.0    71.0    121.0\n",
       "Walks    263.0    41.114068    21.718056   0.0   23.0    37.0    57.0    105.0\n",
       "Years    263.0     7.311787     4.793616   1.0    4.0     6.0    10.0     24.0\n",
       "CAtBat   263.0  2657.543726  2286.582929  19.0  842.5  1931.0  3890.5  14053.0\n",
       "CHits    263.0   722.186312   648.199644   4.0  212.0   516.0  1054.0   4256.0\n",
       "CHmRun   263.0    69.239544    82.197581   0.0   15.0    40.0    92.5    548.0\n",
       "CRuns    263.0   361.220532   331.198571   2.0  105.5   250.0   497.5   2165.0\n",
       "CRBI     263.0   330.418251   323.367668   3.0   95.0   230.0   424.5   1659.0\n",
       "CWalks   263.0   260.266160   264.055868   1.0   71.0   174.0   328.5   1566.0\n",
       "PutOuts  263.0   290.711027   279.934575   0.0  113.5   224.0   322.5   1377.0\n",
       "Assists  263.0   118.760456   145.080577   0.0    8.0    45.0   192.0    492.0\n",
       "Errors   263.0     8.593156     6.606574   0.0    3.0     7.0    13.0     32.0\n",
       "Salary   263.0   535.925882   451.118681  67.5  190.0   425.0   750.0   2460.0"
      ]
     },
     "execution_count": 7,
     "metadata": {},
     "output_type": "execute_result"
    }
   ],
   "source": [
    "df.describe().T # verisetinin istatistiksel dagılımı hakkında bilgi verir"
   ]
  },
  {
   "cell_type": "code",
   "execution_count": 8,
   "id": "0ac3ca5e-610c-4c44-9364-78e42bcc0f14",
   "metadata": {},
   "outputs": [
    {
     "data": {
      "text/html": [
       "<div>\n",
       "<style scoped>\n",
       "    .dataframe tbody tr th:only-of-type {\n",
       "        vertical-align: middle;\n",
       "    }\n",
       "\n",
       "    .dataframe tbody tr th {\n",
       "        vertical-align: top;\n",
       "    }\n",
       "\n",
       "    .dataframe thead th {\n",
       "        text-align: right;\n",
       "    }\n",
       "</style>\n",
       "<table border=\"1\" class=\"dataframe\">\n",
       "  <thead>\n",
       "    <tr style=\"text-align: right;\">\n",
       "      <th></th>\n",
       "      <th>AtBat</th>\n",
       "      <th>Hits</th>\n",
       "      <th>HmRun</th>\n",
       "      <th>Runs</th>\n",
       "      <th>RBI</th>\n",
       "      <th>Walks</th>\n",
       "      <th>Years</th>\n",
       "      <th>CAtBat</th>\n",
       "      <th>CHits</th>\n",
       "      <th>CHmRun</th>\n",
       "      <th>CRuns</th>\n",
       "      <th>CRBI</th>\n",
       "      <th>CWalks</th>\n",
       "      <th>PutOuts</th>\n",
       "      <th>Assists</th>\n",
       "      <th>Errors</th>\n",
       "      <th>Salary</th>\n",
       "    </tr>\n",
       "  </thead>\n",
       "  <tbody>\n",
       "    <tr>\n",
       "      <th>AtBat</th>\n",
       "      <td>1.000000</td>\n",
       "      <td>0.963969</td>\n",
       "      <td>0.555102</td>\n",
       "      <td>0.899829</td>\n",
       "      <td>0.796015</td>\n",
       "      <td>0.624448</td>\n",
       "      <td>0.012725</td>\n",
       "      <td>0.207166</td>\n",
       "      <td>0.225341</td>\n",
       "      <td>0.212422</td>\n",
       "      <td>0.237278</td>\n",
       "      <td>0.221393</td>\n",
       "      <td>0.132926</td>\n",
       "      <td>0.309607</td>\n",
       "      <td>0.342117</td>\n",
       "      <td>0.325577</td>\n",
       "      <td>0.394771</td>\n",
       "    </tr>\n",
       "    <tr>\n",
       "      <th>Hits</th>\n",
       "      <td>0.963969</td>\n",
       "      <td>1.000000</td>\n",
       "      <td>0.530627</td>\n",
       "      <td>0.910630</td>\n",
       "      <td>0.788478</td>\n",
       "      <td>0.587311</td>\n",
       "      <td>0.018598</td>\n",
       "      <td>0.206678</td>\n",
       "      <td>0.235606</td>\n",
       "      <td>0.189364</td>\n",
       "      <td>0.238896</td>\n",
       "      <td>0.219384</td>\n",
       "      <td>0.122971</td>\n",
       "      <td>0.299688</td>\n",
       "      <td>0.303975</td>\n",
       "      <td>0.279876</td>\n",
       "      <td>0.438675</td>\n",
       "    </tr>\n",
       "    <tr>\n",
       "      <th>HmRun</th>\n",
       "      <td>0.555102</td>\n",
       "      <td>0.530627</td>\n",
       "      <td>1.000000</td>\n",
       "      <td>0.631076</td>\n",
       "      <td>0.849107</td>\n",
       "      <td>0.440454</td>\n",
       "      <td>0.113488</td>\n",
       "      <td>0.217464</td>\n",
       "      <td>0.217496</td>\n",
       "      <td>0.492526</td>\n",
       "      <td>0.258347</td>\n",
       "      <td>0.349858</td>\n",
       "      <td>0.227183</td>\n",
       "      <td>0.250931</td>\n",
       "      <td>-0.161602</td>\n",
       "      <td>-0.009743</td>\n",
       "      <td>0.343028</td>\n",
       "    </tr>\n",
       "    <tr>\n",
       "      <th>Runs</th>\n",
       "      <td>0.899829</td>\n",
       "      <td>0.910630</td>\n",
       "      <td>0.631076</td>\n",
       "      <td>1.000000</td>\n",
       "      <td>0.778692</td>\n",
       "      <td>0.697015</td>\n",
       "      <td>-0.011975</td>\n",
       "      <td>0.171811</td>\n",
       "      <td>0.191327</td>\n",
       "      <td>0.229701</td>\n",
       "      <td>0.237831</td>\n",
       "      <td>0.202335</td>\n",
       "      <td>0.163700</td>\n",
       "      <td>0.271160</td>\n",
       "      <td>0.179258</td>\n",
       "      <td>0.192609</td>\n",
       "      <td>0.419859</td>\n",
       "    </tr>\n",
       "    <tr>\n",
       "      <th>RBI</th>\n",
       "      <td>0.796015</td>\n",
       "      <td>0.788478</td>\n",
       "      <td>0.849107</td>\n",
       "      <td>0.778692</td>\n",
       "      <td>1.000000</td>\n",
       "      <td>0.569505</td>\n",
       "      <td>0.129668</td>\n",
       "      <td>0.278126</td>\n",
       "      <td>0.292137</td>\n",
       "      <td>0.442190</td>\n",
       "      <td>0.307226</td>\n",
       "      <td>0.387777</td>\n",
       "      <td>0.233619</td>\n",
       "      <td>0.312065</td>\n",
       "      <td>0.062902</td>\n",
       "      <td>0.150155</td>\n",
       "      <td>0.449457</td>\n",
       "    </tr>\n",
       "    <tr>\n",
       "      <th>Walks</th>\n",
       "      <td>0.624448</td>\n",
       "      <td>0.587311</td>\n",
       "      <td>0.440454</td>\n",
       "      <td>0.697015</td>\n",
       "      <td>0.569505</td>\n",
       "      <td>1.000000</td>\n",
       "      <td>0.134793</td>\n",
       "      <td>0.269450</td>\n",
       "      <td>0.270795</td>\n",
       "      <td>0.349582</td>\n",
       "      <td>0.332977</td>\n",
       "      <td>0.312697</td>\n",
       "      <td>0.429140</td>\n",
       "      <td>0.280855</td>\n",
       "      <td>0.102523</td>\n",
       "      <td>0.081937</td>\n",
       "      <td>0.443867</td>\n",
       "    </tr>\n",
       "    <tr>\n",
       "      <th>Years</th>\n",
       "      <td>0.012725</td>\n",
       "      <td>0.018598</td>\n",
       "      <td>0.113488</td>\n",
       "      <td>-0.011975</td>\n",
       "      <td>0.129668</td>\n",
       "      <td>0.134793</td>\n",
       "      <td>1.000000</td>\n",
       "      <td>0.915681</td>\n",
       "      <td>0.897844</td>\n",
       "      <td>0.722371</td>\n",
       "      <td>0.876649</td>\n",
       "      <td>0.863809</td>\n",
       "      <td>0.837524</td>\n",
       "      <td>-0.020019</td>\n",
       "      <td>-0.085118</td>\n",
       "      <td>-0.156512</td>\n",
       "      <td>0.400657</td>\n",
       "    </tr>\n",
       "    <tr>\n",
       "      <th>CAtBat</th>\n",
       "      <td>0.207166</td>\n",
       "      <td>0.206678</td>\n",
       "      <td>0.217464</td>\n",
       "      <td>0.171811</td>\n",
       "      <td>0.278126</td>\n",
       "      <td>0.269450</td>\n",
       "      <td>0.915681</td>\n",
       "      <td>1.000000</td>\n",
       "      <td>0.995057</td>\n",
       "      <td>0.801676</td>\n",
       "      <td>0.982747</td>\n",
       "      <td>0.950730</td>\n",
       "      <td>0.906712</td>\n",
       "      <td>0.053393</td>\n",
       "      <td>-0.007897</td>\n",
       "      <td>-0.070478</td>\n",
       "      <td>0.526135</td>\n",
       "    </tr>\n",
       "    <tr>\n",
       "      <th>CHits</th>\n",
       "      <td>0.225341</td>\n",
       "      <td>0.235606</td>\n",
       "      <td>0.217496</td>\n",
       "      <td>0.191327</td>\n",
       "      <td>0.292137</td>\n",
       "      <td>0.270795</td>\n",
       "      <td>0.897844</td>\n",
       "      <td>0.995057</td>\n",
       "      <td>1.000000</td>\n",
       "      <td>0.786652</td>\n",
       "      <td>0.984542</td>\n",
       "      <td>0.946797</td>\n",
       "      <td>0.890718</td>\n",
       "      <td>0.067348</td>\n",
       "      <td>-0.013144</td>\n",
       "      <td>-0.068036</td>\n",
       "      <td>0.548910</td>\n",
       "    </tr>\n",
       "    <tr>\n",
       "      <th>CHmRun</th>\n",
       "      <td>0.212422</td>\n",
       "      <td>0.189364</td>\n",
       "      <td>0.492526</td>\n",
       "      <td>0.229701</td>\n",
       "      <td>0.442190</td>\n",
       "      <td>0.349582</td>\n",
       "      <td>0.722371</td>\n",
       "      <td>0.801676</td>\n",
       "      <td>0.786652</td>\n",
       "      <td>1.000000</td>\n",
       "      <td>0.825625</td>\n",
       "      <td>0.927903</td>\n",
       "      <td>0.810878</td>\n",
       "      <td>0.093822</td>\n",
       "      <td>-0.188886</td>\n",
       "      <td>-0.165369</td>\n",
       "      <td>0.524931</td>\n",
       "    </tr>\n",
       "    <tr>\n",
       "      <th>CRuns</th>\n",
       "      <td>0.237278</td>\n",
       "      <td>0.238896</td>\n",
       "      <td>0.258347</td>\n",
       "      <td>0.237831</td>\n",
       "      <td>0.307226</td>\n",
       "      <td>0.332977</td>\n",
       "      <td>0.876649</td>\n",
       "      <td>0.982747</td>\n",
       "      <td>0.984542</td>\n",
       "      <td>0.825625</td>\n",
       "      <td>1.000000</td>\n",
       "      <td>0.945677</td>\n",
       "      <td>0.927768</td>\n",
       "      <td>0.059087</td>\n",
       "      <td>-0.038895</td>\n",
       "      <td>-0.094081</td>\n",
       "      <td>0.562678</td>\n",
       "    </tr>\n",
       "    <tr>\n",
       "      <th>CRBI</th>\n",
       "      <td>0.221393</td>\n",
       "      <td>0.219384</td>\n",
       "      <td>0.349858</td>\n",
       "      <td>0.202335</td>\n",
       "      <td>0.387777</td>\n",
       "      <td>0.312697</td>\n",
       "      <td>0.863809</td>\n",
       "      <td>0.950730</td>\n",
       "      <td>0.946797</td>\n",
       "      <td>0.927903</td>\n",
       "      <td>0.945677</td>\n",
       "      <td>1.000000</td>\n",
       "      <td>0.889137</td>\n",
       "      <td>0.095375</td>\n",
       "      <td>-0.096559</td>\n",
       "      <td>-0.115316</td>\n",
       "      <td>0.566966</td>\n",
       "    </tr>\n",
       "    <tr>\n",
       "      <th>CWalks</th>\n",
       "      <td>0.132926</td>\n",
       "      <td>0.122971</td>\n",
       "      <td>0.227183</td>\n",
       "      <td>0.163700</td>\n",
       "      <td>0.233619</td>\n",
       "      <td>0.429140</td>\n",
       "      <td>0.837524</td>\n",
       "      <td>0.906712</td>\n",
       "      <td>0.890718</td>\n",
       "      <td>0.810878</td>\n",
       "      <td>0.927768</td>\n",
       "      <td>0.889137</td>\n",
       "      <td>1.000000</td>\n",
       "      <td>0.058160</td>\n",
       "      <td>-0.066243</td>\n",
       "      <td>-0.129936</td>\n",
       "      <td>0.489822</td>\n",
       "    </tr>\n",
       "    <tr>\n",
       "      <th>PutOuts</th>\n",
       "      <td>0.309607</td>\n",
       "      <td>0.299688</td>\n",
       "      <td>0.250931</td>\n",
       "      <td>0.271160</td>\n",
       "      <td>0.312065</td>\n",
       "      <td>0.280855</td>\n",
       "      <td>-0.020019</td>\n",
       "      <td>0.053393</td>\n",
       "      <td>0.067348</td>\n",
       "      <td>0.093822</td>\n",
       "      <td>0.059087</td>\n",
       "      <td>0.095375</td>\n",
       "      <td>0.058160</td>\n",
       "      <td>1.000000</td>\n",
       "      <td>-0.043390</td>\n",
       "      <td>0.075306</td>\n",
       "      <td>0.300480</td>\n",
       "    </tr>\n",
       "    <tr>\n",
       "      <th>Assists</th>\n",
       "      <td>0.342117</td>\n",
       "      <td>0.303975</td>\n",
       "      <td>-0.161602</td>\n",
       "      <td>0.179258</td>\n",
       "      <td>0.062902</td>\n",
       "      <td>0.102523</td>\n",
       "      <td>-0.085118</td>\n",
       "      <td>-0.007897</td>\n",
       "      <td>-0.013144</td>\n",
       "      <td>-0.188886</td>\n",
       "      <td>-0.038895</td>\n",
       "      <td>-0.096559</td>\n",
       "      <td>-0.066243</td>\n",
       "      <td>-0.043390</td>\n",
       "      <td>1.000000</td>\n",
       "      <td>0.703505</td>\n",
       "      <td>0.025436</td>\n",
       "    </tr>\n",
       "    <tr>\n",
       "      <th>Errors</th>\n",
       "      <td>0.325577</td>\n",
       "      <td>0.279876</td>\n",
       "      <td>-0.009743</td>\n",
       "      <td>0.192609</td>\n",
       "      <td>0.150155</td>\n",
       "      <td>0.081937</td>\n",
       "      <td>-0.156512</td>\n",
       "      <td>-0.070478</td>\n",
       "      <td>-0.068036</td>\n",
       "      <td>-0.165369</td>\n",
       "      <td>-0.094081</td>\n",
       "      <td>-0.115316</td>\n",
       "      <td>-0.129936</td>\n",
       "      <td>0.075306</td>\n",
       "      <td>0.703505</td>\n",
       "      <td>1.000000</td>\n",
       "      <td>-0.005401</td>\n",
       "    </tr>\n",
       "    <tr>\n",
       "      <th>Salary</th>\n",
       "      <td>0.394771</td>\n",
       "      <td>0.438675</td>\n",
       "      <td>0.343028</td>\n",
       "      <td>0.419859</td>\n",
       "      <td>0.449457</td>\n",
       "      <td>0.443867</td>\n",
       "      <td>0.400657</td>\n",
       "      <td>0.526135</td>\n",
       "      <td>0.548910</td>\n",
       "      <td>0.524931</td>\n",
       "      <td>0.562678</td>\n",
       "      <td>0.566966</td>\n",
       "      <td>0.489822</td>\n",
       "      <td>0.300480</td>\n",
       "      <td>0.025436</td>\n",
       "      <td>-0.005401</td>\n",
       "      <td>1.000000</td>\n",
       "    </tr>\n",
       "  </tbody>\n",
       "</table>\n",
       "</div>"
      ],
      "text/plain": [
       "            AtBat      Hits     HmRun      Runs       RBI     Walks     Years  \\\n",
       "AtBat    1.000000  0.963969  0.555102  0.899829  0.796015  0.624448  0.012725   \n",
       "Hits     0.963969  1.000000  0.530627  0.910630  0.788478  0.587311  0.018598   \n",
       "HmRun    0.555102  0.530627  1.000000  0.631076  0.849107  0.440454  0.113488   \n",
       "Runs     0.899829  0.910630  0.631076  1.000000  0.778692  0.697015 -0.011975   \n",
       "RBI      0.796015  0.788478  0.849107  0.778692  1.000000  0.569505  0.129668   \n",
       "Walks    0.624448  0.587311  0.440454  0.697015  0.569505  1.000000  0.134793   \n",
       "Years    0.012725  0.018598  0.113488 -0.011975  0.129668  0.134793  1.000000   \n",
       "CAtBat   0.207166  0.206678  0.217464  0.171811  0.278126  0.269450  0.915681   \n",
       "CHits    0.225341  0.235606  0.217496  0.191327  0.292137  0.270795  0.897844   \n",
       "CHmRun   0.212422  0.189364  0.492526  0.229701  0.442190  0.349582  0.722371   \n",
       "CRuns    0.237278  0.238896  0.258347  0.237831  0.307226  0.332977  0.876649   \n",
       "CRBI     0.221393  0.219384  0.349858  0.202335  0.387777  0.312697  0.863809   \n",
       "CWalks   0.132926  0.122971  0.227183  0.163700  0.233619  0.429140  0.837524   \n",
       "PutOuts  0.309607  0.299688  0.250931  0.271160  0.312065  0.280855 -0.020019   \n",
       "Assists  0.342117  0.303975 -0.161602  0.179258  0.062902  0.102523 -0.085118   \n",
       "Errors   0.325577  0.279876 -0.009743  0.192609  0.150155  0.081937 -0.156512   \n",
       "Salary   0.394771  0.438675  0.343028  0.419859  0.449457  0.443867  0.400657   \n",
       "\n",
       "           CAtBat     CHits    CHmRun     CRuns      CRBI    CWalks   PutOuts  \\\n",
       "AtBat    0.207166  0.225341  0.212422  0.237278  0.221393  0.132926  0.309607   \n",
       "Hits     0.206678  0.235606  0.189364  0.238896  0.219384  0.122971  0.299688   \n",
       "HmRun    0.217464  0.217496  0.492526  0.258347  0.349858  0.227183  0.250931   \n",
       "Runs     0.171811  0.191327  0.229701  0.237831  0.202335  0.163700  0.271160   \n",
       "RBI      0.278126  0.292137  0.442190  0.307226  0.387777  0.233619  0.312065   \n",
       "Walks    0.269450  0.270795  0.349582  0.332977  0.312697  0.429140  0.280855   \n",
       "Years    0.915681  0.897844  0.722371  0.876649  0.863809  0.837524 -0.020019   \n",
       "CAtBat   1.000000  0.995057  0.801676  0.982747  0.950730  0.906712  0.053393   \n",
       "CHits    0.995057  1.000000  0.786652  0.984542  0.946797  0.890718  0.067348   \n",
       "CHmRun   0.801676  0.786652  1.000000  0.825625  0.927903  0.810878  0.093822   \n",
       "CRuns    0.982747  0.984542  0.825625  1.000000  0.945677  0.927768  0.059087   \n",
       "CRBI     0.950730  0.946797  0.927903  0.945677  1.000000  0.889137  0.095375   \n",
       "CWalks   0.906712  0.890718  0.810878  0.927768  0.889137  1.000000  0.058160   \n",
       "PutOuts  0.053393  0.067348  0.093822  0.059087  0.095375  0.058160  1.000000   \n",
       "Assists -0.007897 -0.013144 -0.188886 -0.038895 -0.096559 -0.066243 -0.043390   \n",
       "Errors  -0.070478 -0.068036 -0.165369 -0.094081 -0.115316 -0.129936  0.075306   \n",
       "Salary   0.526135  0.548910  0.524931  0.562678  0.566966  0.489822  0.300480   \n",
       "\n",
       "          Assists    Errors    Salary  \n",
       "AtBat    0.342117  0.325577  0.394771  \n",
       "Hits     0.303975  0.279876  0.438675  \n",
       "HmRun   -0.161602 -0.009743  0.343028  \n",
       "Runs     0.179258  0.192609  0.419859  \n",
       "RBI      0.062902  0.150155  0.449457  \n",
       "Walks    0.102523  0.081937  0.443867  \n",
       "Years   -0.085118 -0.156512  0.400657  \n",
       "CAtBat  -0.007897 -0.070478  0.526135  \n",
       "CHits   -0.013144 -0.068036  0.548910  \n",
       "CHmRun  -0.188886 -0.165369  0.524931  \n",
       "CRuns   -0.038895 -0.094081  0.562678  \n",
       "CRBI    -0.096559 -0.115316  0.566966  \n",
       "CWalks  -0.066243 -0.129936  0.489822  \n",
       "PutOuts -0.043390  0.075306  0.300480  \n",
       "Assists  1.000000  0.703505  0.025436  \n",
       "Errors   0.703505  1.000000 -0.005401  \n",
       "Salary   0.025436 -0.005401  1.000000  "
      ]
     },
     "execution_count": 8,
     "metadata": {},
     "output_type": "execute_result"
    }
   ],
   "source": [
    "df.corr() # verisetinin degiskenleri arasındaki korelasyon"
   ]
  },
  {
   "cell_type": "code",
   "execution_count": 9,
   "id": "549438a3-5494-4221-a933-70d8c030c4c1",
   "metadata": {},
   "outputs": [
    {
     "data": {
      "text/html": [
       "<div>\n",
       "<style scoped>\n",
       "    .dataframe tbody tr th:only-of-type {\n",
       "        vertical-align: middle;\n",
       "    }\n",
       "\n",
       "    .dataframe tbody tr th {\n",
       "        vertical-align: top;\n",
       "    }\n",
       "\n",
       "    .dataframe thead th {\n",
       "        text-align: right;\n",
       "    }\n",
       "</style>\n",
       "<table border=\"1\" class=\"dataframe\">\n",
       "  <thead>\n",
       "    <tr style=\"text-align: right;\">\n",
       "      <th></th>\n",
       "      <th>League_A</th>\n",
       "      <th>League_N</th>\n",
       "      <th>Division_E</th>\n",
       "      <th>Division_W</th>\n",
       "      <th>NewLeague_A</th>\n",
       "      <th>NewLeague_N</th>\n",
       "    </tr>\n",
       "  </thead>\n",
       "  <tbody>\n",
       "    <tr>\n",
       "      <th>1</th>\n",
       "      <td>0</td>\n",
       "      <td>1</td>\n",
       "      <td>0</td>\n",
       "      <td>1</td>\n",
       "      <td>0</td>\n",
       "      <td>1</td>\n",
       "    </tr>\n",
       "    <tr>\n",
       "      <th>2</th>\n",
       "      <td>1</td>\n",
       "      <td>0</td>\n",
       "      <td>0</td>\n",
       "      <td>1</td>\n",
       "      <td>1</td>\n",
       "      <td>0</td>\n",
       "    </tr>\n",
       "    <tr>\n",
       "      <th>3</th>\n",
       "      <td>0</td>\n",
       "      <td>1</td>\n",
       "      <td>1</td>\n",
       "      <td>0</td>\n",
       "      <td>0</td>\n",
       "      <td>1</td>\n",
       "    </tr>\n",
       "    <tr>\n",
       "      <th>4</th>\n",
       "      <td>0</td>\n",
       "      <td>1</td>\n",
       "      <td>1</td>\n",
       "      <td>0</td>\n",
       "      <td>0</td>\n",
       "      <td>1</td>\n",
       "    </tr>\n",
       "    <tr>\n",
       "      <th>5</th>\n",
       "      <td>1</td>\n",
       "      <td>0</td>\n",
       "      <td>0</td>\n",
       "      <td>1</td>\n",
       "      <td>1</td>\n",
       "      <td>0</td>\n",
       "    </tr>\n",
       "  </tbody>\n",
       "</table>\n",
       "</div>"
      ],
      "text/plain": [
